# R script for Peak Model
#  -- generated by MACS
p <- c(0.0157567163003,0.0157567163003,0.0157567163003,0.0157567163003,0.0157567163003,0.0236350744505,0.0275742535256,0.0236350744505,0.0157567163003,0.0275742535256,0.0354526116757,0.0433309698259,0.051209327976,0.0551485070511,0.0590876861262,0.0630268652013,0.0630268652013,0.0709052233515,0.0709052233515,0.0630268652013,0.0551485070511,0.047270148901,0.0393917907508,0.0393917907508,0.0354526116757,0.0315134326006,0.0393917907508,0.0315134326006,0.0315134326006,0.0393917907508,0.0551485070511,0.0590876861262,0.0590876861262,0.0551485070511,0.0551485070511,0.047270148901,0.0393917907508,0.0433309698259,0.0433309698259,0.0393917907508,0.0236350744505,0.0275742535256,0.0315134326006,0.0315134326006,0.0354526116757,0.0393917907508,0.0393917907508,0.0393917907508,0.0393917907508,0.0315134326006,0.0315134326006,0.0236350744505,0.0236350744505,0.0236350744505,0.0236350744505,0.0196958953754,0.0236350744505,0.0196958953754,0.0275742535256,0.0275742535256,0.0275742535256,0.0275742535256,0.0236350744505,0.0236350744505,0.0236350744505,0.0275742535256,0.0196958953754,0.0275742535256,0.0196958953754,0.0236350744505,0.0275742535256,0.0275742535256,0.0315134326006,0.0354526116757,0.0315134326006,0.0275742535256,0.0354526116757,0.0354526116757,0.0354526116757,0.0354526116757,0.0315134326006,0.0315134326006,0.0275742535256,0.0236350744505,0.0275742535256,0.0315134326006,0.0315134326006,0.0315134326006,0.0354526116757,0.0315134326006,0.0354526116757,0.0354526116757,0.0393917907508,0.0393917907508,0.0354526116757,0.0354526116757,0.0275742535256,0.0236350744505,0.0275742535256,0.0315134326006,0.0236350744505,0.0236350744505,0.0236350744505,0.0275742535256,0.0275742535256,0.0315134326006,0.0315134326006,0.0315134326006,0.0236350744505,0.0196958953754,0.0236350744505,0.0236350744505,0.0236350744505,0.0236350744505,0.0275742535256,0.0236350744505,0.0275742535256,0.0236350744505,0.0275742535256,0.0354526116757,0.0393917907508,0.0433309698259,0.047270148901,0.0433309698259,0.0393917907508,0.0433309698259,0.0393917907508,0.0393917907508,0.0433309698259,0.0354526116757,0.0275742535256,0.0236350744505,0.0157567163003,0.0236350744505,0.0315134326006,0.0236350744505,0.0275742535256,0.0315134326006,0.0236350744505,0.0236350744505,0.0315134326006,0.047270148901,0.047270148901,0.0433309698259,0.0433309698259,0.0433309698259,0.0433309698259,0.0433309698259,0.0433309698259,0.0433309698259,0.0433309698259,0.0393917907508,0.0393917907508,0.0393917907508,0.0393917907508,0.0393917907508,0.0354526116757,0.0354526116757,0.0354526116757,0.0354526116757,0.0315134326006,0.0236350744505,0.0275742535256,0.0275742535256,0.0236350744505,0.0275742535256,0.0315134326006,0.0315134326006,0.0354526116757,0.0393917907508,0.0354526116757,0.0315134326006,0.0354526116757,0.0315134326006,0.0315134326006,0.0315134326006,0.0354526116757,0.0315134326006,0.0275742535256,0.0236350744505,0.0315134326006,0.0354526116757,0.0354526116757,0.0393917907508,0.0393917907508,0.0393917907508,0.0354526116757,0.0354526116757,0.0393917907508,0.047270148901,0.0393917907508,0.0393917907508,0.0393917907508,0.0354526116757,0.0393917907508,0.0393917907508,0.0393917907508,0.0433309698259,0.0433309698259,0.0433309698259,0.051209327976,0.047270148901,0.0433309698259,0.047270148901,0.0433309698259,0.0393917907508,0.0393917907508,0.0354526116757,0.0354526116757,0.0275742535256,0.0196958953754,0.0196958953754,0.0236350744505,0.0236350744505,0.0196958953754,0.0196958953754,0.0157567163003,0.0196958953754,0.0157567163003,0.0196958953754,0.0236350744505,0.0236350744505,0.0196958953754,0.0157567163003,0.0157567163003,0.0157567163003,0.0157567163003,0.0118175372252,0.0236350744505,0.0196958953754,0.0196958953754,0.0196958953754,0.0196958953754,0.0196958953754,0.0196958953754,0.0275742535256,0.0315134326006,0.0354526116757,0.0275742535256,0.0315134326006,0.0275742535256,0.0315134326006,0.0315134326006,0.0354526116757,0.0393917907508,0.0354526116757,0.0315134326006,0.0275742535256,0.0236350744505,0.0275742535256,0.0275742535256,0.0236350744505,0.0236350744505,0.0196958953754,0.0157567163003,0.0157567163003,0.0157567163003,0.0196958953754,0.0196958953754,0.0196958953754,0.0196958953754,0.0196958953754,0.0157567163003,0.0236350744505,0.0275742535256,0.0236350744505,0.0275742535256,0.0236350744505,0.0315134326006,0.0275742535256,0.0315134326006,0.0315134326006,0.0354526116757,0.0275742535256,0.0236350744505,0.0236350744505,0.0196958953754,0.0236350744505,0.0236350744505,0.0236350744505,0.0236350744505,0.0315134326006,0.0354526116757,0.0354526116757,0.0354526116757,0.0393917907508,0.0433309698259,0.0433309698259,0.0354526116757,0.0354526116757,0.0315134326006,0.0236350744505,0.0236350744505,0.0275742535256,0.0275742535256,0.0315134326006,0.0275742535256,0.0236350744505,0.0236350744505,0.0275742535256,0.0433309698259,0.0787835815016,0.102418655952,0.137871267628,0.161506342078,0.189080595604,0.22453320728,0.252107460805,0.271803356181,0.287560072481,0.303316788781,0.283620893406,0.279681714331,0.271803356181,0.259985818955,0.24816828173,0.24028992358,0.236350744505,0.244229102655,0.236350744505,0.24028992358,0.244229102655,0.244229102655,0.24028992358,0.244229102655,0.24816828173,0.236350744505,0.228472386355,0.228472386355,0.24028992358,0.23241156543,0.24816828173,0.24028992358,0.244229102655,0.244229102655,0.244229102655,0.259985818955,0.259985818955,0.244229102655,0.236350744505,0.22453320728,0.208776490979,0.200898132829,0.196958953754,0.204837311904,0.208776490979,0.196958953754,0.208776490979,0.220594028205,0.220594028205,0.228472386355,0.236350744505,0.244229102655,0.23241156543,0.236350744505,0.220594028205,0.23241156543,0.208776490979,0.208776490979,0.204837311904,0.196958953754,0.200898132829,0.193019774679,0.189080595604,0.185141416529,0.200898132829,0.193019774679,0.216654849129,0.22453320728,0.25604663988,0.26392499803,0.26392499803,0.279681714331,0.283620893406,0.279681714331,0.271803356181,0.279681714331,0.291499251556,0.287560072481,0.267864177105,0.275742535256,0.271803356181,0.26392499803,0.271803356181,0.283620893406,0.283620893406,0.26392499803,0.24816828173,0.24028992358,0.236350744505,0.22453320728,0.22453320728,0.212715670054,0.208776490979,0.193019774679,0.196958953754,0.200898132829,0.193019774679,0.193019774679,0.189080595604,0.177263058379,0.173323879304,0.189080595604,0.208776490979,0.220594028205,0.208776490979,0.200898132829,0.200898132829,0.204837311904,0.208776490979,0.244229102655,0.23241156543,0.24028992358,0.22453320728,0.23241156543,0.267864177105,0.271803356181,0.271803356181,0.271803356181,0.291499251556,0.271803356181,0.275742535256,0.259985818955,0.259985818955,0.25604663988,0.220594028205,0.236350744505,0.24028992358,0.259985818955,0.23241156543,0.228472386355,0.216654849129,0.24028992358,0.228472386355,0.22453320728,0.236350744505,0.220594028205,0.228472386355,0.212715670054,0.220594028205,0.22453320728,0.24028992358,0.216654849129,0.212715670054,0.216654849129,0.228472386355,0.24028992358,0.24028992358,0.24028992358,0.25604663988,0.24816828173,0.25604663988,0.26392499803,0.279681714331,0.267864177105,0.244229102655,0.25604663988,0.267864177105,0.26392499803,0.244229102655,0.24028992358,0.236350744505,0.236350744505,0.252107460805,0.271803356181,0.275742535256,0.267864177105,0.24816828173,0.24028992358,0.24028992358,0.244229102655,0.24028992358,0.24028992358,0.212715670054,0.196958953754,0.208776490979,0.204837311904,0.216654849129,0.236350744505,0.23241156543,0.25604663988,0.259985818955,0.24028992358,0.259985818955,0.267864177105,0.25604663988,0.271803356181,0.25604663988,0.244229102655,0.252107460805,0.24816828173,0.236350744505,0.252107460805,0.252107460805,0.24816828173,0.236350744505,0.208776490979,0.208776490979,0.208776490979,0.228472386355,0.212715670054,0.228472386355,0.252107460805,0.236350744505,0.23241156543,0.244229102655,0.267864177105,0.271803356181,0.295438430631,0.26392499803,0.267864177105,0.279681714331,0.283620893406,